1
5
6
18
47
98
191
359
670
947
1236
1529
1872
2433
3629
5698
7402
9217
10827
13531
15679
18315
20921
23934
27069
30217
34109
38226
42282
47029
52167
56956
61049
65111
69392
74193
78546
82329
86306
90980
95591
98674
101790
104912
107773
110130
112261
114653
117589
120204
122392
124375
126045
127659
129491
131744
133721
135569
137115
138657
139771
141475
143114
144749
146457
148067
149435
150593
151615
152587
153548
154500
155686
156827
157814
158762
159797
160979
162120
163103
163942
